				
-6.484243288808196226e+00 -1.002089999999999925e+00 1.176425999999999972e+00 -3.855963000000000029e+00 -1.582092699999999930e+01
-6.298379426973440331e+00 -1.002089999999999925e+00 1.176425999999999972e+00 -3.855963000000000029e+00 -1.582092699999999930e+01
-6.129441546580691735e+00 -1.002089999999999925e+00 1.176425999999999972e+00 -3.855963000000000029e+00 -1.582092699999999930e+01
-5.975357625153865371e+00 -1.002089999999999925e+00 1.176425999999999972e+00 -3.855963000000000029e+00 -1.582092699999999930e+01
-5.834339756941405497e+00 -1.002089999999999925e+00 1.176425999999999972e+00 -3.855963000000000029e+00 -1.582092699999999930e+01
-5.704897083656610413e+00 -1.002089999999999925e+00 1.176425999999999972e+00 -3.855963000000000029e+00 -1.582092699999999930e+01
-5.585687235028961695e+00 -1.002089999999999925e+00 1.176425999999999972e+00 -3.855963000000000029e+00 -1.582092699999999930e+01
-5.475551661829929806e+00 -1.002089999999999925e+00 1.176425999999999972e+00 -3.855963000000000029e+00 -1.582092699999999930e+01
-5.373426257784752025e+00 -1.002089999999999925e+00 1.176425999999999972e+00 -3.855963000000000029e+00 -1.582092699999999930e+01
-5.278465444525966888e+00 -1.002089999999999925e+00 1.176425999999999972e+00 -3.855963000000000029e+00 -1.582092699999999930e+01
-5.189790643845427098e+00 -1.002089999999999925e+00 1.176425999999999972e+00 -3.855963000000000029e+00 -1.582092699999999930e+01
-5.106704592459440306e+00 -1.002089999999999925e+00 1.176425999999999972e+00 -3.855963000000000029e+00 -1.582092699999999930e+01
-5.028511661118542087e+00 -1.002089999999999925e+00 1.176425999999999972e+00 -3.855963000000000029e+00 -1.582092699999999930e+01
-4.954591171909449976e+00 -1.002089999999999925e+00 1.176425999999999972e+00 -3.855963000000000029e+00 -1.582092699999999930e+01
-4.884362712775050852e+00 -1.002089999999999925e+00 1.176425999999999972e+00 -3.855963000000000029e+00 -1.582092699999999930e+01
-4.817303755088277128e+00 -1.002089999999999925e+00 1.176425999999999972e+00 -3.855963000000000029e+00 -1.582092699999999930e+01
-4.752806532257297434e+00 -1.002089999999999925e+00 1.176425999999999972e+00 -3.855963000000000029e+00 -1.582092699999999930e+01
-4.690299522527508813e+00 -1.002089999999999925e+00 1.176425999999999972e+00 -3.855963000000000029e+00 -1.582092699999999930e+01
-4.629093854877908143e+00 -1.002089999999999925e+00 1.176425999999999972e+00 -3.855963000000000029e+00 -1.582092699999999930e+01
-4.568296025582457176e+00 -1.002089999999999925e+00 1.176425999999999972e+00 -3.855963000000000029e+00 -1.582092699999999930e+01
