-2.580226000000000047e-02 1.088878000000000044e-07
-2.575186999999999962e-02 1.106699999999999977e-07
-2.570147000000000057e-02 1.142233000000000061e-07
-2.565107999999999971e-02 1.193654000000000055e-07
-2.560068000000000066e-02 1.257935999999999995e-07
-2.555028999999999981e-02 1.330130999999999935e-07
-2.549989000000000075e-02 1.403341000000000099e-07
-2.544949999999999990e-02 1.468942999999999947e-07
-2.539910000000000084e-02 1.518432999999999949e-07
-2.534870999999999999e-02 1.542603000000000092e-07
-2.529831000000000094e-02 1.533692000000000126e-07
-2.524792000000000008e-02 1.486749000000000074e-07
-2.519752000000000103e-02 1.399902000000000090e-07
-2.514713000000000018e-02 1.275766000000000096e-07
-2.509673000000000112e-02 1.120752000000000003e-07
-2.504634000000000027e-02 9.449603000000000419e-08
-2.499594000000000121e-02 7.606012000000000597e-08
-2.494555000000000036e-02 5.806728000000000299e-08
-2.489515000000000131e-02 4.170371999999999751e-08
-2.484476000000000045e-02 2.789983000000000042e-08
-2.479436000000000140e-02 1.720707999999999886e-08
-2.474397000000000055e-02 9.755146999999999214e-09
-2.469357000000000149e-02 5.268116999999999666e-09
-2.464318000000000064e-02 3.153913999999999951e-09
-2.459278000000000158e-02 2.636561000000000156e-09
-2.454239000000000073e-02 2.912278999999999886e-09
-2.449199000000000168e-02 3.295740000000000036e-09
-2.444160000000000083e-02 3.330189000000000152e-09
-2.439119999999999830e-02 2.842789999999999858e-09
-2.434081000000000092e-02 1.935808999999999844e-09
-2.429040999999999839e-02 9.213150000000000388e-10
-2.424002000000000101e-02 2.140769999999999991e-10
-2.418961999999999848e-02 2.094953000000000014e-10
-2.413923000000000110e-02 1.172203000000000072e-09
-2.408882999999999858e-02 3.160103000000000001e-09
-2.403844000000000120e-02 5.999113999999999597e-09
-2.398803999999999867e-02 9.312311999999999471e-09
-2.393765000000000129e-02 1.259663999999999963e-08
-2.388724999999999876e-02 1.532765000000000093e-08
-2.383686000000000138e-02 1.707053000000000019e-08
-2.378645999999999885e-02 1.757046999999999878e-08
-2.373607000000000147e-02 1.680519000000000160e-08
-2.368566999999999895e-02 1.498625999999999949e-08
-2.363528000000000157e-02 1.251183000000000021e-08
-2.358487999999999904e-02 9.879795999999999287e-09
-2.353449000000000166e-02 7.582773999999999896e-09
-2.348408999999999913e-02 6.006657000000000302e-09
-2.343369999999999828e-02 5.355783999999999917e-09
-2.338329999999999922e-02 5.619983999999999894e-09
-2.333290999999999837e-02 6.589957000000000139e-09
-2.328250999999999932e-02 7.916668000000000729e-09
-2.323211999999999847e-02 9.199994999999999724e-09
-2.318171999999999941e-02 1.008686999999999952e-08
-2.313132999999999856e-02 1.035543000000000050e-08
-2.308092999999999950e-02 9.967425999999999325e-09
-2.303053999999999865e-02 9.075722000000000395e-09
-2.298013999999999959e-02 7.986886000000000703e-09
-2.292974999999999874e-02 7.086188999999999589e-09
-2.287934999999999969e-02 6.743321999999999640e-09
-2.282895999999999884e-02 7.219478000000000161e-09
-2.277855999999999978e-02 8.597784999999999587e-09
-2.272816999999999893e-02 1.075279999999999951e-08
-2.267776999999999987e-02 1.336683000000000026e-08
-2.262737999999999902e-02 1.599009999999999837e-08
-2.257697999999999997e-02 1.813207999999999887e-08
-2.252658999999999911e-02 1.936454000000000063e-08
-2.247619000000000006e-02 1.941354999999999982e-08
-2.242579999999999921e-02 1.822089999999999940e-08
-2.237540000000000015e-02 1.596062000000000108e-08
-2.232500999999999930e-02 1.300743000000000003e-08
-2.227461000000000024e-02 9.862782000000000363e-09
-2.222421999999999939e-02 7.054770999999999936e-09
-2.217382000000000034e-02 5.032302999999999802e-09
-2.212342999999999948e-02 4.076427000000000031e-09
-2.207303000000000043e-02 4.246949999999999691e-09
-2.202263999999999958e-02 5.375418000000000224e-09
-2.197224000000000052e-02 7.105424000000000092e-09
-2.192184999999999967e-02 8.970967999999999456e-09
-2.187145000000000061e-02 1.049609000000000072e-08
-2.182105999999999976e-02 1.129403999999999960e-08
-2.177066000000000071e-02 1.114554999999999984e-08
-2.172026999999999985e-02 1.003961000000000065e-08
-2.166987000000000080e-02 8.169571000000000264e-09
-2.161947999999999995e-02 5.885874000000000100e-09
-2.156908000000000089e-02 3.617177999999999893e-09
-2.151869000000000004e-02 1.777049999999999979e-09
-2.146829000000000098e-02 6.770056999999999961e-10
-2.141790000000000013e-02 4.640109999999999913e-10
-2.136750000000000108e-02 1.095412999999999968e-09
-2.131709999999999855e-02 2.355389000000000168e-09
-2.126671000000000117e-02 3.908081000000000331e-09
-2.121630999999999864e-02 5.374733999999999733e-09
-2.116592000000000126e-02 6.417092000000000033e-09
-2.111551999999999873e-02 6.808827000000000232e-09
-2.106513000000000135e-02 6.479469000000000261e-09
-2.101472999999999883e-02 5.522425000000000397e-09
-2.096434000000000145e-02 4.166286000000000061e-09
-2.091393999999999892e-02 2.717410999999999934e-09
-2.086355000000000154e-02 1.487369000000000098e-09
-2.081314999999999901e-02 7.223063000000000206e-10
-2.076276000000000163e-02 5.499140999999999798e-10
-2.071235999999999911e-02 9.555457999999999781e-10
-2.066197000000000172e-02 1.791858000000000038e-09
-2.061156999999999920e-02 2.818666000000000118e-09
-2.056117999999999835e-02 3.762932000000000174e-09
-2.051077999999999929e-02 4.384290000000000377e-09
-2.046038999999999844e-02 4.530883999999999592e-09
-2.040998999999999938e-02 4.172602000000000063e-09
-2.035959999999999853e-02 3.404718999999999893e-09
-2.030919999999999948e-02 2.421616000000000129e-09
-2.025880999999999862e-02 1.467658999999999967e-09
-2.020840999999999957e-02 7.771308000000000312e-10
-2.015801999999999872e-02 5.177888999999999882e-10
-2.010761999999999966e-02 7.512498000000000045e-10
-2.005722999999999881e-02 1.419381000000000023e-09
-2.000682999999999975e-02 2.359498000000000158e-09
-1.995643999999999890e-02 3.344313000000000133e-09
-1.990603999999999985e-02 4.136847999999999609e-09
-1.985564999999999899e-02 4.546925000000000198e-09
-1.980524999999999994e-02 4.475900000000000229e-09
-1.975485999999999909e-02 3.938949000000000022e-09
-1.970446000000000003e-02 3.060058000000000064e-09
-1.965406999999999918e-02 2.041116999999999953e-09
-1.960367000000000012e-02 1.113073999999999997e-09
-1.955327999999999927e-02 4.810492999999999923e-10
-1.950288000000000022e-02 2.769493999999999742e-10
-1.945248999999999936e-02 5.309646000000000133e-10
-1.940209000000000031e-02 1.168788999999999943e-09
-1.935169999999999946e-02 2.034922999999999964e-09
-1.930130000000000040e-02 2.935957000000000142e-09
-1.925090999999999955e-02 3.692750000000000095e-09
-1.920051000000000049e-02 4.188017999999999961e-09
-1.915011999999999964e-02 4.396982999999999973e-09
-1.909972000000000059e-02 4.392751000000000065e-09
-1.904932999999999974e-02 4.324511999999999800e-09
-1.899893000000000068e-02 4.373510000000000131e-09
-1.894853999999999983e-02 4.697689000000000237e-09
-1.889814000000000077e-02 5.379396000000000228e-09
-1.884774999999999992e-02 6.390223999999999915e-09
-1.879735000000000086e-02 7.583538000000000246e-09
-1.874696000000000001e-02 8.718868999999999787e-09
-1.869656000000000096e-02 9.514346999999999798e-09
-1.864617000000000011e-02 9.716098999999999247e-09
-1.859577000000000105e-02 9.168614000000000285e-09
-1.854538000000000020e-02 7.868494000000000022e-09
-1.849498000000000114e-02 5.986983999999999971e-09
-1.844459000000000029e-02 3.852884000000000072e-09
-1.839419000000000123e-02 1.896528999999999955e-09
-1.834380000000000038e-02 5.644935999999999913e-10
-1.829340000000000133e-02 2.224486000000000108e-10
-1.824301000000000048e-02 1.067326999999999948e-09
-1.819261000000000142e-02 3.069410999999999959e-09
-1.814222000000000057e-02 5.959433999999999999e-09
-1.809182000000000151e-02 9.266611999999999929e-09
-1.804143000000000066e-02 1.240261999999999992e-08
-1.799103000000000160e-02 1.477592000000000040e-08
-1.794064000000000075e-02 1.591356000000000145e-08
-1.789024000000000170e-02 1.556459999999999896e-08
-1.783985000000000085e-02 1.376222000000000007e-08
-1.778944999999999832e-02 1.082940000000000067e-08
-1.773906000000000094e-02 7.324725999999999755e-09
-1.768865999999999841e-02 3.937388000000000383e-09
-1.763827000000000103e-02 1.351846999999999912e-09
-1.758786999999999850e-02 1.095619999999999986e-10
-1.753748000000000112e-02 4.967782999999999905e-10
-1.748707999999999860e-02 2.482426000000000047e-09
-1.743669000000000122e-02 5.720234000000000246e-09
-1.738628999999999869e-02 9.615767000000000053e-09
-1.733590000000000131e-02 1.344530000000000030e-08
-1.728549999999999878e-02 1.650231000000000068e-08
-1.723511000000000140e-02 1.824102000000000077e-08
-1.718470999999999888e-02 1.838682999999999988e-08
-1.713432000000000149e-02 1.699005000000000132e-08
-1.708391999999999897e-02 1.441152999999999935e-08
-1.703353000000000159e-02 1.124285000000000032e-08
-1.698312999999999906e-02 8.178265000000000606e-09
-1.693274000000000168e-02 5.865707000000000287e-09
-1.688233999999999915e-02 4.768865999999999856e-09
-1.683194999999999830e-02 5.070055999999999723e-09
-1.678154999999999925e-02 6.634751999999999879e-09
-1.673115999999999839e-02 9.045259000000000766e-09
-1.668075999999999934e-02 1.169588000000000077e-08
-1.663036999999999849e-02 1.392854000000000079e-08
-1.657996999999999943e-02 1.517886000000000149e-08
-1.652957999999999858e-02 1.510042000000000109e-08
-1.647917999999999952e-02 1.363992999999999924e-08
-1.642878999999999867e-02 1.104668000000000016e-08
-1.637838999999999962e-02 7.814548000000000672e-09
-1.632799999999999876e-02 4.569905000000000051e-09
-1.627759999999999971e-02 1.930590999999999956e-09
-1.622720999999999886e-02 3.680992999999999843e-10
-1.617680999999999980e-02 1.040139999999999936e-10
-1.612641999999999895e-02 1.064247999999999901e-09
-1.607601999999999989e-02 2.901407000000000091e-09
-1.602562000000000084e-02 5.080102000000000083e-09
-1.597522999999999999e-02 7.005586999999999871e-09
-1.592483000000000093e-02 8.165935999999999583e-09
-1.587444000000000008e-02 8.254759999999999730e-09
-1.582404000000000102e-02 7.245507000000000010e-09
-1.577365000000000017e-02 5.399535000000000214e-09
-1.572325000000000111e-02 3.205177000000000170e-09
-1.567286000000000026e-02 1.261273000000000055e-09
-1.562245999999999947e-02 1.317544999999999972e-10
-1.557207000000000036e-02 2.052593000000000069e-10
-1.552166999999999956e-02 1.593239000000000065e-09
-1.547128000000000045e-02 4.091787999999999767e-09
-1.542087999999999966e-02 7.218088999999999930e-09
-1.537049000000000054e-02 1.031510000000000050e-08
-1.532008999999999975e-02 1.270193999999999926e-08
-1.526970000000000063e-02 1.383597999999999920e-08
-1.521929999999999984e-02 1.344880999999999918e-08
-1.516891000000000073e-02 1.162301000000000079e-08
-1.511850999999999993e-02 8.789443999999999411e-09
-1.506812000000000082e-02 5.642540000000000245e-09
-1.501772000000000003e-02 2.989871999999999951e-09
-1.496732999999999918e-02 1.568474000000000099e-09
-1.491693000000000012e-02 1.869169000000000166e-09
-1.486653999999999927e-02 4.009977999999999612e-09
-1.481614000000000021e-02 7.690090000000000273e-09
-1.476574999999999936e-02 1.223855999999999997e-08
-1.471535000000000031e-02 1.675074999999999864e-08
-1.466495999999999945e-02 2.028516000000000070e-08
-1.461456000000000040e-02 2.207820999999999835e-08
-1.456416999999999955e-02 2.172883000000000095e-08
-1.451377000000000049e-02 1.930916999999999899e-08
-1.446337999999999964e-02 1.537310000000000019e-08
-1.441298000000000058e-02 1.085553000000000046e-08
-1.436258999999999973e-02 6.880333999999999993e-09
-1.431219000000000068e-02 4.515922999999999978e-09
-1.426179999999999982e-02 4.530767000000000346e-09
-1.421140000000000077e-02 7.203728999999999992e-09
-1.416100999999999992e-02 1.223398000000000080e-08
-1.411061000000000086e-02 1.877508000000000006e-08
-1.406022000000000001e-02 2.559132000000000009e-08
-1.400981999999999922e-02 3.130710999999999902e-08
-1.395943000000000010e-02 3.469872999999999852e-08
-1.390902999999999931e-02 3.496612999999999866e-08
-1.385864000000000019e-02 3.192450999999999898e-08
-1.380823999999999940e-02 2.607085000000000081e-08
-1.375785000000000029e-02 1.850575000000000012e-08
-1.370744999999999950e-02 1.072250000000000056e-08
-1.365706000000000038e-02 4.303892000000000341e-09
-1.360665999999999959e-02 5.894986999999999798e-10
-1.355627000000000047e-02 3.841007000000000134e-10
-1.350586999999999968e-02 3.771747999999999702e-09
-1.345548000000000056e-02 1.007892999999999965e-08
-1.340507999999999977e-02 1.799941999999999945e-08
-1.335469000000000066e-02 2.585885999999999853e-08
-1.330428999999999987e-02 3.196597999999999677e-08
-1.325390000000000075e-02 3.497745999999999721e-08
-1.320349999999999996e-02 3.419782999999999832e-08
-1.315311000000000084e-02 2.974815000000000092e-08
-1.310271000000000005e-02 2.256311000000000027e-08
-1.305231999999999920e-02 1.421255000000000010e-08
-1.300192000000000014e-02 6.580841999999999597e-09
-1.295152999999999929e-02 1.469146999999999911e-09
-1.290113000000000024e-02 2.040654000000000065e-10
-1.285073999999999939e-02 3.336789000000000108e-09
-1.280034000000000033e-02 1.049976999999999920e-08
-1.274994999999999948e-02 2.045576000000000092e-08
-1.269955000000000042e-02 3.133388000000000264e-08
-1.264915999999999957e-02 4.100695000000000179e-08
-1.259876000000000051e-02 4.753353000000000305e-08
-1.254836999999999966e-02 4.957210000000000090e-08
-1.249797000000000061e-02 4.667908999999999953e-08
-1.244757999999999976e-02 3.942510999999999932e-08
-1.239718000000000070e-02 2.930097999999999904e-08
-1.234678999999999985e-02 1.842923999999999953e-08
-1.229639000000000079e-02 9.138220999999999808e-09
-1.224599999999999994e-02 3.485539999999999939e-09
-1.219559999999999915e-02 2.830044999999999816e-09
-1.214521000000000003e-02 7.542114999999999241e-09
-1.209480999999999924e-02 1.691426999999999850e-08
-1.204442000000000013e-02 2.929242999999999994e-08
-1.199401999999999933e-02 4.240205000000000083e-08
-1.194363000000000022e-02 5.380209999999999973e-08
-1.189322999999999943e-02 6.137282999999999516e-08
-1.184284000000000031e-02 6.373602999999999874e-08
-1.179243999999999952e-02 6.052046999999999956e-08
-1.174205000000000040e-02 5.241828999999999973e-08
-1.169164999999999961e-02 4.102242999999999976e-08
-1.164126000000000050e-02 2.848167000000000056e-08
-1.159085999999999970e-02 1.704835000000000059e-08
-1.154047000000000059e-02 8.616295000000000592e-09
-1.149006999999999980e-02 4.347307000000000237e-09
-1.143968000000000068e-02 4.464609000000000045e-09
-1.138927999999999989e-02 8.254242000000000043e-09
-1.133889000000000077e-02 1.426965000000000066e-08
-1.128848999999999998e-02 2.069001999999999841e-08
-1.123810000000000087e-02 2.574960000000000050e-08
-1.118770000000000008e-02 2.814039000000000109e-08
-1.113730999999999922e-02 2.729779999999999976e-08
-1.108691000000000017e-02 2.350613000000000059e-08
-1.103651999999999932e-02 1.780244000000000082e-08
-1.098612000000000026e-02 1.170368000000000068e-08
-1.093572999999999941e-02 6.822565999999999909e-09
-1.088533000000000035e-02 4.463774999999999715e-09
-1.083493999999999950e-02 5.296295999999999967e-09
-1.078454000000000045e-02 9.180822000000000787e-09
-1.073414999999999959e-02 1.519488999999999942e-08
-1.068375000000000054e-02 2.185231999999999884e-08
-1.063334999999999975e-02 2.746723000000000090e-08
-1.058296000000000063e-02 3.057780000000000002e-08
-1.053255999999999984e-02 3.032855000000000194e-08
-1.048217000000000072e-02 2.671732999999999960e-08
-1.043176999999999993e-02 2.064258000000000008e-08
-1.038138000000000082e-02 1.373186000000000018e-08
-1.033098000000000002e-02 7.983461000000000789e-09
-1.028058999999999917e-02 5.298781999999999994e-09
-1.023019000000000012e-02 7.011191999999999874e-09
-1.017979999999999927e-02 1.352268000000000029e-08
-1.012940000000000021e-02 2.413874999999999835e-08
-1.007900999999999936e-02 3.714968000000000235e-08
-1.002861000000000030e-02 5.015160000000000288e-08
-9.978218999999999977e-03 6.054478999999999643e-08
-9.927824000000000024e-03 6.610387999999999569e-08
-9.877429000000000070e-03 6.549319000000000387e-08
-9.827034000000000116e-03 5.860822000000000175e-08
-9.776639000000000163e-03 4.665861000000000252e-08
-9.726244000000000209e-03 3.196307000000000220e-08
-9.675849000000000255e-03 1.749079000000000015e-08
-9.625454000000000301e-03 6.241999000000000253e-09
-9.575059000000000348e-03 6.001879000000000259e-10
-9.524664000000000394e-03 1.799247000000000042e-09
-9.474269000000000440e-03 9.628325999999999948e-09
-9.423874000000000486e-03 2.244782999999999899e-08
-9.373479000000000533e-03 3.752274000000000106e-08
-9.323084000000000579e-03 5.160844999999999915e-08
-9.272689000000000625e-03 6.166554000000000334e-08
-9.222294000000000672e-03 6.554694000000000526e-08
-9.171899000000000718e-03 6.250222000000000339e-08
-9.121504000000000764e-03 5.337995999999999937e-08
-9.071107999999999602e-03 4.047317999999999899e-08
-9.020712999999999648e-03 2.703182999999999887e-08
-8.970317999999999695e-03 1.654183999999999879e-08
-8.919922999999999741e-03 1.192666000000000067e-08
-8.869527999999999787e-03 1.484973000000000058e-08
-8.819132999999999833e-03 2.527970999999999893e-08
-8.768737999999999880e-03 4.142651000000000029e-08
-8.718342999999999926e-03 6.007619000000000242e-08
-8.667947999999999972e-03 7.726360999999999764e-08
-8.617553000000000019e-03 8.914324999999999985e-08
-8.567158000000000065e-03 9.286859000000000428e-08
-8.516763000000000111e-03 8.728174999999999341e-08
-8.466368000000000157e-03 7.325033000000000341e-08
-8.415973000000000204e-03 5.356155000000000226e-08
-8.365578000000000250e-03 3.238074999999999698e-08
-8.315183000000000296e-03 1.437864000000000030e-08
-8.264788000000000343e-03 3.710948999999999982e-09
-8.214393000000000389e-03 3.073471999999999951e-09
-8.163998000000000435e-03 1.304737999999999967e-08
-8.113603000000000481e-03 3.189234999999999772e-08
-8.063208000000000528e-03 5.585054000000000057e-08
-8.012811999999999366e-03 7.991244999999999901e-08
-7.962416999999999412e-03 9.889018999999999515e-08
-7.912021999999999458e-03 1.085694999999999982e-07
-7.861626999999999504e-03 1.066852999999999951e-07
-7.811232000000000418e-03 9.349710999999999540e-08
-7.760836999999999597e-03 7.181958000000000233e-08
-7.710441999999999643e-03 4.648355999999999990e-08
-7.660046999999999690e-03 2.332656999999999961e-08
-7.609651999999999736e-03 7.922323000000000126e-09
-7.559256999999999782e-03 4.324324000000000255e-09
-7.508861999999999828e-03 1.410520000000000047e-08
-7.458466999999999875e-03 3.591741000000000160e-08
-7.408071999999999921e-03 6.569216000000000158e-08
-7.357676999999999967e-03 9.745456000000000018e-08
-7.307282000000000013e-03 1.245940000000000104e-07
-7.256887000000000060e-03 1.413210999999999909e-07
-7.206492000000000106e-03 1.439913000000000117e-07
-7.156097000000000152e-03 1.319927000000000064e-07
-7.105702000000000199e-03 1.079849999999999972e-07
-7.055307000000000245e-03 7.741235000000000431e-08
-7.004912000000000291e-03 4.737347999999999759e-08
-6.954515999999999996e-03 2.508281999999999921e-08
-6.904121000000000043e-03 1.625222999999999941e-08
-6.853726000000000089e-03 2.375607000000000025e-08
-6.803331000000000135e-03 4.688949000000000121e-08
-6.752936000000000182e-03 8.140778000000000609e-08
-6.702541000000000228e-03 1.203647000000000031e-07
-6.652146000000000274e-03 1.555879000000000111e-07
-6.601751000000000320e-03 1.794799999999999898e-07
-6.551356000000000367e-03 1.867479999999999991e-07
-6.500961000000000413e-03 1.756680000000000084e-07
-6.450565999999999592e-03 1.485809000000000067e-07
-6.400170999999999638e-03 1.114803000000000060e-07
-6.349775999999999684e-03 7.275676999999999380e-08
-6.299380999999999731e-03 4.135521999999999939e-08
-6.248985999999999777e-03 2.474754999999999981e-08
-6.198590999999999823e-03 2.718110999999999900e-08
-6.148195999999999870e-03 4.861606999999999919e-08
-6.097800999999999916e-03 8.462358000000000237e-08
-6.047405999999999962e-03 1.273049999999999875e-07
-5.997011000000000008e-03 1.670585999999999922e-07
-5.946616000000000055e-03 1.948147000000000113e-07
-5.896221000000000101e-03 2.042363000000000062e-07
-5.845824999999999806e-03 1.933648000000000005e-07
-5.795429999999999852e-03 1.652959000000000078e-07
-5.745034999999999899e-03 1.276782999999999899e-07
-5.694639999999999945e-03 9.109283999999999581e-08
-5.644244999999999991e-03 6.663375000000000598e-08
-5.593850000000000038e-03 6.322298000000000329e-08
-5.543455000000000084e-03 8.527754000000000328e-08
-5.493060000000000130e-03 1.313062000000000088e-07
-5.442665000000000176e-03 1.938270999999999979e-07
-5.392270000000000223e-03 2.607117999999999748e-07
-5.341875000000000269e-03 3.177348000000000216e-07
-5.291480000000000315e-03 3.518082000000000069e-07
-5.241085000000000362e-03 3.541891999999999804e-07
-5.190690000000000408e-03 3.229041000000000095e-07
-5.140294999999999587e-03 2.637668000000000243e-07
-5.089899999999999633e-03 1.896511999999999929e-07
-5.039504999999999679e-03 1.180627000000000001e-07
-4.989109999999999726e-03 6.745061999999999760e-08
-4.938714999999999772e-03 5.302532000000000275e-08
-4.888319999999999818e-03 8.301636999999999919e-08
-4.837924999999999864e-03 1.562674999999999929e-07
-4.787528999999999570e-03 2.618231000000000200e-07
-4.737133999999999616e-03 3.807454000000000075e-07
-4.686738999999999662e-03 4.899051000000000370e-07
-4.636343999999999708e-03 5.670146999999999958e-07
-4.585948999999999755e-03 5.958334000000000075e-07
-4.535553999999999801e-03 5.703558999999999834e-07
-4.485158999999999847e-03 4.969450999999999730e-07
-4.434763999999999894e-03 3.937640999999999968e-07
-4.384368999999999940e-03 2.874406999999999833e-07
-4.333973999999999986e-03 2.075259000000000094e-07
-4.283579000000000032e-03 1.798630999999999928e-07
-4.233184000000000079e-03 2.203149000000000057e-07
-4.182789000000000125e-03 3.303276999999999887e-07
-4.132394000000000171e-03 4.954980000000000076e-07
-4.081999000000000218e-03 6.877062999999999805e-07
-4.031604000000000264e-03 8.706013999999999702e-07
-3.981209000000000310e-03 1.007429000000000041e-06
-3.930814000000000356e-03 1.069575000000000047e-06
-3.880418999999999969e-03 1.043887999999999957e-06
-3.830024000000000015e-03 9.369968000000000249e-07
-3.779629000000000062e-03 7.753381999999999884e-07
-3.729233000000000200e-03 6.005606999999999707e-07
-3.678837999999999813e-03 4.609609000000000020e-07
-3.628442999999999859e-03 4.006276999999999763e-07
-3.578047999999999906e-03 4.486429000000000105e-07
-3.527652999999999952e-03 6.108908999999999688e-07
-3.477257999999999998e-03 8.666653000000000148e-07
-3.426863000000000044e-03 1.171346999999999934e-06
-3.376468000000000091e-03 1.465136000000000104e-06
-3.326073000000000137e-03 1.686386000000000103e-06
-3.275678000000000183e-03 1.786872000000000067e-06
-3.225282999999999796e-03 1.745550999999999985e-06
-3.174887999999999842e-03 1.577336000000000063e-06
-3.124492999999999888e-03 1.334156999999999947e-06
-3.074097999999999935e-03 1.097038000000000033e-06
-3.023702999999999981e-03 9.598293000000000939e-07
-2.973308000000000027e-03 1.007277999999999896e-06
-2.922913000000000074e-03 1.291765999999999975e-06
-2.872518000000000120e-03 1.814027000000000022e-06
-2.822123000000000166e-03 2.513049000000000204e-06
-2.771728000000000212e-03 3.269238999999999990e-06
-2.721332999999999825e-03 3.922738999999999747e-06
-2.670936999999999964e-03 4.306012999999999662e-06
-2.620542000000000010e-03 4.286864999999999655e-06
-2.570147000000000057e-03 3.815590999999999905e-06
-2.519752000000000103e-03 2.968373999999999949e-06
-2.469357000000000149e-03 1.978970999999999861e-06
-2.418962000000000195e-03 1.252178999999999900e-06
-2.368566999999999808e-03 1.355773000000000106e-06
-2.318171999999999854e-03 2.992259999999999876e-06
-2.267776999999999901e-03 6.957760999999999671e-06
-2.217381999999999947e-03 1.410228000000000078e-05
-2.166986999999999993e-03 2.531350000000000082e-05
-2.116592000000000039e-03 4.155465000000000032e-05
-2.066197000000000086e-03 6.399679000000000294e-05
-2.015802000000000132e-03 9.429538000000000383e-05
-1.965407000000000178e-03 1.350722999999999909e-04
-1.915012000000000008e-03 1.906739999999999976e-04
-1.864617000000000054e-03 2.682863000000000066e-04
-1.814222000000000100e-03 3.794876999999999886e-04
-1.763826999999999930e-03 5.423242000000000210e-04
-1.713431999999999976e-03 7.839686000000000007e-04
-1.663037000000000022e-03 1.144000999999999959e-03
-1.612642000000000068e-03 1.678294000000000097e-03
-1.562245999999999991e-03 2.463423000000000175e-03
-1.511851000000000037e-03 3.601416999999999986e-03
-1.461456000000000083e-03 5.224570000000000429e-03
-1.411060999999999913e-03 7.499915000000000227e-03
-1.360665999999999959e-03 1.063282999999999937e-02
-1.310271000000000005e-03 1.486918999999999914e-02
-1.259876000000000051e-03 2.049534000000000078e-02
-1.209481000000000098e-03 2.783524000000000068e-02
-1.159085999999999927e-03 3.724418000000000173e-02
-1.108690999999999973e-03 4.909850000000000325e-02
-1.058296000000000020e-03 6.378108999999999862e-02
-1.007901000000000066e-03 8.166276000000000090e-02
-9.575058999999999697e-04 1.030797999999999992e-01
-9.071107999999999819e-04 1.283086999999999978e-01
-8.567158000000000282e-04 1.575390999999999875e-01
-8.063207999999999660e-04 1.908465000000000023e-01
-7.559256999999999782e-04 2.281671999999999867e-01
-7.055307000000000245e-04 2.692768999999999857e-01
-6.551356000000000367e-04 3.137752999999999792e-01
-6.047405999999999745e-04 3.610787999999999776e-01
-5.543454999999999867e-04 4.104227999999999765e-01
-5.039505000000000330e-04 4.608744000000000174e-01
-4.535553999999999909e-04 5.113560000000000327e-01
-4.031603999999999830e-04 5.606797000000000031e-01
-3.527652999999999952e-04 6.075905999999999807e-01
-3.023702999999999873e-04 6.508180000000000076e-01
-2.519751999999999994e-04 6.891296000000000088e-01
-2.015801999999999915e-04 7.213889999999999469e-01
-1.511851000000000037e-04 7.466091000000000255e-01
-1.007900999999999958e-04 7.640008999999999828e-01
-5.039504999999999788e-05 7.730133999999999617e-01
0.000000000000000000e+00 7.733609000000000178e-01
5.039504999999999788e-05 7.650382000000000016e-01
1.007900999999999958e-04 7.483201000000000436e-01
1.511851000000000037e-04 7.237472000000000349e-01
2.015801999999999915e-04 6.920977000000000379e-01
2.519751999999999994e-04 6.543482999999999938e-01
3.023702999999999873e-04 6.116255999999999915e-01
3.527652999999999952e-04 5.651523000000000518e-01
4.031603999999999830e-04 5.161913999999999669e-01
4.535553999999999909e-04 4.659910999999999914e-01
5.039505000000000330e-04 4.157346000000000097e-01
5.543454999999999867e-04 3.664972000000000230e-01
6.047405999999999745e-04 3.192120999999999986e-01
6.551356000000000367e-04 2.746469000000000271e-01
7.055307000000000245e-04 2.333909000000000122e-01
7.559256999999999782e-04 1.958524000000000098e-01
8.063207999999999660e-04 1.622658999999999907e-01
8.567158000000000282e-04 1.327069999999999916e-01
9.071107999999999819e-04 1.071128999999999970e-01
9.575058999999999697e-04 8.530712999999999491e-02
1.007901000000000066e-03 6.702605999999999842e-02
1.058296000000000020e-03 5.194536000000000292e-02
1.108690999999999973e-03 3.970477000000000034e-02
1.159085999999999927e-03 2.993018000000000067e-02
1.209481000000000098e-03 2.225204999999999891e-02
1.259876000000000051e-03 1.631983000000000045e-02
1.310271000000000005e-03 1.181226999999999971e-02
1.360665999999999959e-03 8.443891000000000244e-03
1.411060999999999913e-03 5.968150000000000191e-03
1.461456000000000083e-03 4.177741999999999914e-03
1.511851000000000037e-03 2.902814000000000089e-03
1.562245999999999991e-03 2.007689000000000001e-03
1.612642000000000068e-03 1.386693000000000040e-03
1.663037000000000022e-03 9.595997000000000207e-04
1.713431999999999976e-03 6.670626000000000463e-04
1.763826999999999930e-03 4.663448999999999741e-04
1.814222000000000100e-03 3.275056000000000039e-04
1.864617000000000054e-03 2.301484999999999870e-04
1.915012000000000008e-03 1.607547999999999876e-04
1.965407000000000178e-03 1.105773999999999961e-04
2.015802000000000132e-03 7.404129999999999870e-05
2.066197000000000086e-03 4.757941000000000123e-05
2.116592000000000039e-03 2.882445000000000149e-05
2.166986999999999993e-03 1.608261999999999883e-05
2.217381999999999947e-03 8.018451000000000522e-06
2.267776999999999901e-03 3.490296000000000167e-06
2.318171999999999854e-03 1.485388999999999908e-06
2.368566999999999808e-03 1.113201000000000017e-06
2.418962000000000195e-03 1.625535000000000057e-06
2.469357000000000149e-03 2.440721000000000141e-06
2.519752000000000103e-03 3.157535000000000169e-06
2.570147000000000057e-03 3.551774999999999973e-06
2.620542000000000010e-03 3.554451999999999964e-06
2.670936999999999964e-03 3.215136000000000078e-06
2.721332999999999825e-03 2.656860999999999904e-06
2.771728000000000212e-03 2.030119000000000154e-06
2.822123000000000166e-03 1.473022999999999915e-06
2.872518000000000120e-03 1.082939000000000060e-06
2.922913000000000074e-03 9.023490000000000023e-07
2.973308000000000027e-03 9.189106000000000201e-07
3.023702999999999981e-03 1.077181999999999964e-06
3.074097999999999935e-03 1.297715000000000077e-06
3.124492999999999888e-03 1.498465000000000018e-06
3.174887999999999842e-03 1.613710999999999990e-06
3.225282999999999796e-03 1.606856999999999894e-06
3.275678000000000183e-03 1.475194999999999943e-06
3.326073000000000137e-03 1.246609000000000095e-06
3.376468000000000091e-03 9.698757999999999053e-07
3.426863000000000044e-03 7.014034000000000191e-07
3.477257999999999998e-03 4.916492000000000479e-07
3.527652999999999952e-03 3.742187000000000209e-07
3.578047999999999906e-03 3.597462000000000083e-07
3.628442999999999859e-03 4.354350999999999999e-07
3.678837999999999813e-03 5.698282000000000494e-07
3.729233000000000200e-03 7.212940999999999658e-07
3.779629000000000062e-03 8.480468000000000126e-07
3.830024000000000015e-03 9.173759999999999688e-07
3.880418999999999969e-03 9.121357000000000327e-07
3.930814000000000356e-03 8.332937999999999863e-07
3.981209000000000310e-03 6.983002000000000367e-07
4.031604000000000264e-03 5.359575000000000266e-07
4.081999000000000218e-03 3.791837000000000127e-07
4.132394000000000171e-03 2.574119999999999759e-07
4.182789000000000125e-03 1.903172000000000070e-07
4.233184000000000079e-03 1.841477000000000125e-07
4.283579000000000032e-03 2.312808999999999994e-07
4.333973999999999986e-03 3.128737999999999888e-07
4.384368999999999940e-03 4.038149000000000011e-07
4.434763999999999894e-03 4.787353000000000080e-07
4.485158999999999847e-03 5.176889000000000055e-07
4.535553999999999801e-03 5.102757999999999985e-07
4.585948999999999755e-03 4.574003999999999749e-07
4.636343999999999708e-03 3.704243999999999774e-07
4.686738999999999662e-03 2.680577000000000009e-07
4.737133999999999616e-03 1.718018000000000078e-07
4.787528999999999570e-03 1.010288000000000000e-07
4.837924999999999864e-03 6.879407000000000292e-08
4.888319999999999818e-03 7.925592000000000604e-08
4.938714999999999772e-03 1.271780999999999945e-07
4.989109999999999726e-03 1.995098000000000068e-07
5.039504999999999679e-03 2.785880999999999984e-07
5.089899999999999633e-03 3.461783000000000208e-07
5.140294999999999587e-03 3.874327000000000226e-07
5.190690000000000408e-03 3.939120000000000137e-07
5.241085000000000362e-03 3.650655000000000075e-07
5.291480000000000315e-03 3.079304000000000003e-07
5.341875000000000269e-03 2.352090999999999909e-07
5.392270000000000223e-03 1.622257000000000098e-07
5.442665000000000176e-03 1.034779999999999953e-07
5.493060000000000130e-03 6.955115000000000006e-08
5.543455000000000084e-03 6.504095999999999374e-08
5.593850000000000038e-03 8.788201999999999882e-08
5.644244999999999991e-03 1.301532999999999906e-07
5.694639999999999945e-03 1.801097000000000130e-07
5.745034999999999899e-03 2.249366999999999948e-07
5.795429999999999852e-03 2.535952999999999918e-07
5.845824999999999806e-03 2.591378999999999821e-07
5.896221000000000101e-03 2.400188999999999815e-07
5.946616000000000055e-03 2.001703999999999936e-07
5.997011000000000008e-03 1.478861999999999892e-07
6.047405999999999962e-03 9.381675000000000527e-08
6.097800999999999916e-03 4.855314999999999957e-08
6.148195999999999870e-03 2.034284000000000086e-08
6.198590999999999823e-03 1.342486999999999936e-08
6.248985999999999777e-03 2.731375999999999854e-08
6.299380999999999731e-03 5.713950000000000022e-08
6.349775999999999684e-03 9.491724999999999584e-08
6.400170999999999638e-03 1.314253000000000036e-07
6.450565999999999592e-03 1.582540000000000088e-07
6.500961000000000413e-03 1.695733000000000087e-07
6.551356000000000367e-03 1.632488999999999895e-07
6.601751000000000320e-03 1.410990000000000116e-07
6.652146000000000274e-03 1.082778000000000009e-07
6.702541000000000228e-03 7.196588999999999539e-08
6.752936000000000182e-03 3.968672000000000003e-08
6.803331000000000135e-03 1.763779000000000140e-08
6.853726000000000089e-03 9.400288000000000616e-09
6.904121000000000043e-03 1.529257999999999849e-08
6.954515999999999996e-03 3.247819999999999896e-08
7.004912000000000291e-03 5.576846999999999777e-08
7.055307000000000245e-03 7.890941999999999695e-08
7.105702000000000199e-03 9.604549999999999802e-08
7.156097000000000152e-03 1.030271999999999976e-07
7.206492000000000106e-03 9.827803000000000457e-08
7.256887000000000060e-03 8.304680000000000484e-08
7.307282000000000013e-03 6.101300000000000510e-08
7.357676999999999967e-03 3.735939000000000245e-08
7.408071999999999921e-03 1.753842999999999937e-08
7.458466999999999875e-03 6.019343999999999640e-09
7.508861999999999828e-03 5.296234000000000056e-09
7.559256999999999782e-03 1.536983000000000006e-08
7.609651999999999736e-03 3.380333000000000098e-08
7.660046999999999690e-03 5.632209999999999848e-08
7.710441999999999643e-03 7.780777000000000375e-08
7.760836999999999597e-03 9.345468999999999918e-08
7.811232000000000418e-03 9.982834999999999804e-08
7.861626999999999504e-03 9.559470999999999693e-08
7.912021999999999458e-03 8.176906000000000177e-08
7.962416999999999412e-03 6.144305999999999565e-08
8.012811999999999366e-03 3.906436999999999711e-08
8.063208000000000528e-03 1.943896999999999993e-08
8.113603000000000481e-03 6.681962000000000174e-09
8.163998000000000435e-03 3.346760000000000135e-09
8.214393000000000389e-03 9.916966999999999799e-09
8.264788000000000343e-03 2.476011000000000002e-08
8.315183000000000296e-03 4.453895000000000324e-08
8.365578000000000250e-03 6.497664000000000445e-08
8.415973000000000204e-03 8.179819000000000330e-08
8.466368000000000157e-03 9.163858000000000265e-08
8.516763000000000111e-03 9.272173000000000133e-08
8.567158000000000065e-03 8.517147999999999631e-08
8.617553000000000019e-03 7.090021999999999694e-08
8.667947999999999972e-03 5.311533999999999869e-08
8.718342999999999926e-03 3.556525999999999801e-08
8.768737999999999880e-03 2.169972999999999906e-08
8.819132999999999833e-03 1.393178999999999951e-08
8.869527999999999787e-03 1.315977999999999940e-08
8.919922999999999741e-03 1.864516000000000058e-08
8.970317999999999695e-03 2.826020000000000049e-08
9.020712999999999648e-03 3.903738000000000277e-08
9.071107999999999602e-03 4.788768000000000229e-08
9.121504000000000764e-03 5.232154999999999909e-08
9.171899000000000718e-03 5.101111000000000129e-08
9.222294000000000672e-03 4.407170999999999938e-08
9.272689000000000625e-03 3.300719000000000004e-08
9.323084000000000579e-03 2.033955000000000097e-08
9.373479000000000533e-03 9.013466999999999352e-09
9.423874000000000486e-03 1.714303000000000093e-09
9.474269000000000440e-03 2.542404000000000168e-10
9.524664000000000394e-03 5.162784000000000274e-09
9.575059000000000348e-03 1.556956999999999838e-08
9.625454000000000301e-03 2.940084000000000163e-08
9.675849000000000255e-03 4.384100000000000195e-08
9.726244000000000209e-03 5.595297999999999841e-08
9.776639000000000163e-03 6.331799999999999828e-08
9.827034000000000116e-03 6.455356999999999880e-08
9.877429000000000070e-03 5.959798999999999884e-08
9.927824000000000024e-03 4.970270999999999865e-08
9.978218999999999977e-03 3.713917999999999706e-08
1.002861000000000030e-02 2.468917000000000150e-08
1.007900999999999936e-02 1.503337999999999839e-08
1.012940000000000021e-02 1.017344000000000080e-08
1.017979999999999927e-02 1.101226999999999965e-08
1.023019000000000012e-02 1.718105999999999940e-08
1.028058999999999917e-02 2.714550999999999966e-08
1.033098000000000002e-02 3.856265000000000021e-08
1.038138000000000082e-02 4.880573999999999694e-08
1.043176999999999993e-02 5.553984999999999821e-08
1.048217000000000072e-02 5.722227000000000117e-08
1.053255999999999984e-02 5.342093999999999978e-08
1.058296000000000063e-02 4.488579999999999817e-08
1.063334999999999975e-02 3.336322999999999957e-08
1.068375000000000054e-02 2.119943000000000152e-08
1.073414999999999959e-02 1.082367000000000053e-08
1.078454000000000045e-02 4.226084999999999888e-09
1.083493999999999950e-02 2.543383000000000087e-09
1.088533000000000035e-02 5.839630000000000027e-09
1.093572999999999941e-02 1.312496000000000055e-08
1.098612000000000026e-02 2.260216000000000087e-08
1.103651999999999932e-02 3.208185999999999741e-08
1.108691000000000017e-02 3.947162000000000230e-08
1.113730999999999922e-02 4.323030999999999689e-08
1.118770000000000008e-02 4.268957999999999890e-08
1.123810000000000087e-02 3.817487000000000096e-08
1.128848999999999998e-02 3.090462999999999898e-08
1.133889000000000077e-02 2.269454000000000133e-08
1.138927999999999989e-02 1.553639999999999941e-08
1.143968000000000068e-02 1.114665999999999964e-08
1.149006999999999980e-02 1.058473999999999999e-08
1.154047000000000059e-02 1.402364999999999965e-08
1.159085999999999970e-02 2.072048000000000040e-08
1.164126000000000050e-02 2.918968999999999911e-08
1.169164999999999961e-02 3.753752000000000088e-08
1.174205000000000040e-02 4.388150000000000155e-08
1.179243999999999952e-02 4.676164000000000314e-08
1.184284000000000031e-02 4.545364000000000228e-08
1.189322999999999943e-02 4.011727000000000120e-08
1.194363000000000022e-02 3.175056999999999947e-08
1.199401999999999933e-02 2.196301999999999929e-08
1.204442000000000013e-02 1.262058999999999933e-08
1.209480999999999924e-02 5.442237999999999793e-09
1.214521000000000003e-02 1.636557000000000059e-09
1.219559999999999915e-02 1.657025000000000076e-09
1.224599999999999994e-02 5.126834999999999698e-09
1.229639000000000079e-02 1.094634999999999994e-08
1.234678999999999985e-02 1.755607000000000098e-08
1.239718000000000070e-02 2.329452000000000033e-08
1.244757999999999976e-02 2.677068999999999909e-08
1.249797000000000061e-02 2.716898000000000020e-08
1.254836999999999966e-02 2.442063999999999850e-08
1.259876000000000051e-02 1.920606999999999921e-08
1.264915999999999957e-02 1.279009999999999950e-08
1.269955000000000042e-02 6.728689000000000358e-09
1.274994999999999948e-02 2.513525000000000168e-09
1.280034000000000033e-02 1.233433999999999982e-09
1.285073999999999939e-02 3.327141999999999966e-09
1.290113000000000024e-02 8.480985000000000156e-09
1.295152999999999929e-02 1.569302000000000006e-08
1.300192000000000014e-02 2.348847999999999911e-08
1.305231999999999920e-02 3.023881999999999919e-08
1.310271000000000005e-02 3.451438999999999914e-08
1.315311000000000084e-02 3.539451000000000292e-08
1.320349999999999996e-02 3.266799000000000188e-08
1.325390000000000075e-02 2.688198999999999890e-08
1.330428999999999987e-02 1.922952999999999987e-08
1.335469000000000066e-02 1.130070999999999995e-08
1.340507999999999977e-02 4.751577999999999616e-09
1.345548000000000056e-02 9.611144999999999901e-10
1.350586999999999968e-02 7.486911999999999964e-10
1.355627000000000047e-02 4.210348999999999726e-09
1.360665999999999959e-02 1.070633999999999924e-08
1.365706000000000038e-02 1.900000000000000139e-08
1.370744999999999950e-02 2.751625999999999986e-08
1.375785000000000029e-02 3.466360999999999999e-08
1.380823999999999940e-02 3.915153999999999775e-08
1.385864000000000019e-02 4.023759999999999762e-08
1.390902999999999931e-02 3.785524000000000089e-08
1.395943000000000010e-02 3.259942999999999772e-08
1.400981999999999922e-02 2.557780000000000157e-08
1.406022000000000001e-02 1.816288999999999992e-08
1.411061000000000086e-02 1.170085000000000018e-08
1.416100999999999992e-02 7.239288999999999815e-09
1.421140000000000077e-02 5.330485000000000334e-09
1.426179999999999982e-02 5.948616000000000047e-09
1.431219000000000068e-02 8.533573000000000058e-09
1.436258999999999973e-02 1.214668000000000008e-08
1.441298000000000058e-02 1.569998999999999843e-08
1.446337999999999964e-02 1.820652000000000136e-08
1.451377000000000049e-02 1.899603999999999968e-08
1.456416999999999955e-02 1.785052000000000134e-08
1.461456000000000040e-02 1.503259000000000134e-08
1.466495999999999945e-02 1.120469000000000052e-08
1.471535000000000031e-02 7.260449999999999676e-09
1.476574999999999936e-02 4.109147999999999798e-09
1.481614000000000021e-02 2.462614000000000074e-09
1.486653999999999927e-02 2.672609000000000030e-09
1.491693000000000012e-02 4.653947000000000328e-09
1.496732999999999918e-02 7.908882000000000317e-09
1.501772000000000003e-02 1.164532000000000048e-08
1.506812000000000082e-02 1.496074000000000060e-08
1.511850999999999993e-02 1.704950999999999978e-08
1.516891000000000073e-02 1.738688000000000024e-08
1.521929999999999984e-02 1.584881000000000082e-08
1.526970000000000063e-02 1.274141999999999962e-08
1.532008999999999975e-02 8.734437999999999653e-09
1.537049000000000054e-02 4.713956000000000094e-09
1.542087999999999966e-02 1.587553000000000091e-09
1.547128000000000045e-02 8.478188000000000305e-11
1.552166999999999956e-02 5.966352000000000409e-10
1.557207000000000036e-02 3.088572000000000034e-09
1.562245999999999947e-02 7.105398000000000076e-09
1.567286000000000026e-02 1.186624000000000058e-08
1.572325000000000111e-02 1.642847000000000086e-08
1.577365000000000017e-02 1.988492999999999990e-08
1.582404000000000102e-02 2.155228999999999982e-08
1.587444000000000008e-02 2.111070999999999978e-08
1.592483000000000093e-02 1.866620000000000074e-08
1.597522999999999999e-02 1.472383000000000043e-08
1.602562000000000084e-02 1.007890999999999989e-08
1.607601999999999989e-02 5.650621000000000396e-09
1.612641999999999895e-02 2.293822000000000064e-09
1.617680999999999980e-02 6.286164999999999664e-10
1.622720999999999886e-02 9.224380999999999850e-10
1.627759999999999971e-02 3.047401999999999854e-09
1.632799999999999876e-02 6.519262000000000312e-09
1.637838999999999962e-02 1.060705999999999956e-08
1.642878999999999867e-02 1.448821999999999942e-08
1.647917999999999952e-02 1.741523000000000129e-08
1.652957999999999858e-02 1.885919000000000134e-08
1.657996999999999943e-02 1.860143000000000036e-08
1.663036999999999849e-02 1.675725999999999927e-08
1.668075999999999934e-02 1.373007000000000034e-08
1.673115999999999839e-02 1.010969999999999953e-08
1.678154999999999925e-02 6.539356000000000015e-09
1.683194999999999830e-02 3.581255000000000161e-09
1.688233999999999915e-02 1.609513000000000085e-09
1.693274000000000168e-02 7.515046999999999888e-10
1.698312999999999906e-02 8.870357000000000453e-10
1.703353000000000159e-02 1.701582999999999955e-09
1.708391999999999897e-02 2.778094999999999804e-09
1.713432000000000149e-02 3.704170000000000041e-09
1.718470999999999888e-02 4.169317999999999602e-09
1.723511000000000140e-02 4.030622000000000105e-09
1.728549999999999878e-02 3.333597999999999928e-09
1.733590000000000131e-02 2.285917000000000183e-09
1.738628999999999869e-02 1.192890000000000003e-09
1.743669000000000122e-02 3.719901999999999858e-10
1.748707999999999860e-02 6.805796999999999985e-11
1.753748000000000112e-02 3.897282999999999827e-10
1.758786999999999850e-02 1.281964999999999926e-09
1.763827000000000103e-02 2.540490000000000189e-09
1.768865999999999841e-02 3.863716000000000350e-09
1.773906000000000094e-02 4.928967000000000067e-09
1.778944999999999832e-02 5.474089000000000162e-09
1.783985000000000085e-02 5.364660000000000374e-09
1.789024000000000170e-02 4.630510999999999872e-09
1.794064000000000075e-02 3.462861000000000084e-09
1.799103000000000160e-02 2.172571999999999888e-09
1.804143000000000066e-02 1.119374999999999973e-09
1.809182000000000151e-02 6.285288000000000309e-10
1.814222000000000057e-02 9.144035000000000467e-10
1.819261000000000142e-02 2.028724999999999940e-09
1.824301000000000048e-02 3.845518999999999860e-09
1.829340000000000133e-02 6.086300000000000376e-09
1.834380000000000038e-02 8.379714999999999740e-09
1.839419000000000123e-02 1.034211999999999944e-08
1.844459000000000029e-02 1.166062000000000062e-08
1.849498000000000114e-02 1.215994000000000009e-08
1.854538000000000020e-02 1.183788999999999954e-08
1.859577000000000105e-02 1.086189999999999948e-08
1.864617000000000011e-02 9.527424999999999698e-09
1.869656000000000096e-02 8.188397999999999748e-09
1.874696000000000001e-02 7.175342999999999879e-09
1.879735000000000086e-02 6.720211000000000214e-09
1.884774999999999992e-02 6.904719000000000215e-09
1.889814000000000077e-02 7.643851999999999631e-09
1.894853999999999983e-02 8.707869000000000548e-09
1.899893000000000068e-02 9.777394000000000327e-09
1.904932999999999974e-02 1.051893000000000061e-08
1.909972000000000059e-02 1.066319000000000027e-08
1.915011999999999964e-02 1.006829999999999924e-08
1.920051000000000049e-02 8.753818000000000056e-09
1.925090999999999955e-02 6.897778999999999823e-09
1.930130000000000040e-02 4.797785999999999794e-09
1.935169999999999946e-02 2.805249000000000101e-09
1.940209000000000031e-02 1.247880000000000038e-09
1.945248999999999936e-02 3.582188000000000100e-10
1.950288000000000022e-02 2.242934000000000063e-10
1.955327999999999927e-02 7.734755000000000139e-10
1.960367000000000012e-02 1.792833000000000027e-09
1.965406999999999918e-02 2.980929999999999962e-09
1.970446000000000003e-02 4.018925000000000367e-09
1.975485999999999909e-02 4.644359999999999873e-09
1.980524999999999994e-02 4.710718999999999726e-09
1.985564999999999899e-02 4.219002000000000234e-09
1.990603999999999985e-02 3.314360000000000123e-09
1.995643999999999890e-02 2.248650000000000088e-09
2.000682999999999975e-02 1.317984000000000068e-09
2.005722999999999881e-02 7.898325000000000226e-10
2.010761999999999966e-02 8.369202000000000026e-10
2.015801999999999872e-02 1.493430000000000084e-09
2.020840999999999957e-02 2.643985000000000150e-09
2.025880999999999862e-02 4.048320999999999839e-09
2.030919999999999948e-02 5.396162999999999825e-09
2.035959999999999853e-02 6.379998000000000078e-09
2.040998999999999938e-02 6.768816999999999664e-09
2.046038999999999844e-02 6.465882000000000234e-09
2.051077999999999929e-02 5.536562000000000386e-09
2.056117999999999835e-02 4.199444999999999657e-09
2.061156999999999920e-02 2.781713999999999934e-09
2.066197000000000172e-02 1.648411000000000006e-09
2.071235999999999911e-02 1.120833000000000073e-09
2.076276000000000163e-02 1.402350000000000022e-09
2.081314999999999901e-02 2.528256000000000084e-09
2.086355000000000154e-02 4.351316999999999688e-09
2.091393999999999892e-02 6.566839999999999628e-09
2.096434000000000145e-02 8.772320000000000164e-09
2.101472999999999883e-02 1.054932000000000013e-08
2.106513000000000135e-02 1.154987000000000077e-08
2.111551999999999873e-02 1.156918000000000037e-08
2.116592000000000126e-02 1.058865000000000065e-08
2.121630999999999864e-02 8.780423000000000710e-09
2.126671000000000117e-02 6.472164999999999642e-09
2.131709999999999855e-02 4.080248999999999938e-09
2.136750000000000108e-02 2.025374999999999946e-09
2.141790000000000013e-02 6.490823000000000055e-10
2.146829000000000098e-02 1.484611000000000117e-10
2.151869000000000004e-02 5.427144999999999667e-10
2.156908000000000089e-02 1.677659999999999974e-09
2.161947999999999995e-02 3.266118999999999979e-09
2.166987000000000080e-02 4.954359999999999836e-09
2.172026999999999985e-02 6.399170999999999842e-09
2.177066000000000071e-02 7.338634000000000365e-09
2.182105999999999976e-02 7.641082000000000063e-09
2.187145000000000061e-02 7.322789999999999690e-09
2.192184999999999967e-02 6.531583999999999931e-09
2.197224000000000052e-02 5.502203999999999914e-09
2.202263999999999958e-02 4.494739000000000230e-09
2.207303000000000043e-02 3.731786000000000373e-09
2.212342999999999948e-02 3.348999999999999912e-09
2.217382000000000034e-02 3.370686000000000038e-09
2.222421999999999939e-02 3.715131000000000082e-09
2.227461000000000024e-02 4.227321000000000151e-09
2.232500999999999930e-02 4.729694000000000066e-09
2.237540000000000015e-02 5.077175000000000099e-09
2.242579999999999921e-02 5.201793000000000216e-09
2.247619000000000006e-02 5.134611000000000230e-09
2.252658999999999911e-02 4.998693999999999861e-09
2.257697999999999997e-02 4.973976999999999687e-09
2.262737999999999902e-02 5.242562999999999859e-09
2.267776999999999987e-02 5.928311000000000085e-09
2.272816999999999893e-02 7.046819000000000375e-09
2.277855999999999978e-02 8.480400000000000618e-09
2.282895999999999884e-02 9.986792000000000228e-09
2.287934999999999969e-02 1.124315000000000000e-08
2.292974999999999874e-02 1.191712000000000031e-08
2.298013999999999959e-02 1.175076999999999994e-08
2.303053999999999865e-02 1.063725999999999972e-08
2.308092999999999950e-02 8.671994999999999893e-09
2.313132999999999856e-02 6.162372999999999809e-09
2.318171999999999941e-02 3.590930000000000130e-09
2.323211999999999847e-02 1.534426000000000012e-09
2.328250999999999932e-02 5.538583999999999948e-10
2.333290999999999837e-02 1.075995000000000067e-09
2.338329999999999922e-02 3.291862999999999968e-09
2.343369999999999828e-02 7.094728999999999644e-09
2.348408999999999913e-02 1.207332999999999929e-08
2.353449000000000166e-02 1.756590000000000114e-08
2.358487999999999904e-02 2.276652000000000050e-08
2.363528000000000157e-02 2.686658999999999997e-08
2.368566999999999895e-02 2.920244000000000033e-08
2.373607000000000147e-02 2.938227000000000136e-08
2.378645999999999885e-02 2.736347999999999907e-08
2.383686000000000138e-02 2.346636999999999865e-08
2.388724999999999876e-02 1.831676000000000076e-08
2.393765000000000129e-02 1.273057000000000022e-08
2.398803999999999867e-02 7.559157000000000473e-09
2.403844000000000120e-02 3.529057999999999995e-09
2.408882999999999858e-02 1.105558999999999946e-09
2.413923000000000110e-02 4.105651999999999793e-10
2.418961999999999848e-02 1.210481999999999956e-09
2.424002000000000101e-02 2.978687999999999961e-09
2.429040999999999839e-02 5.020788000000000178e-09
2.434081000000000092e-02 6.637298000000000007e-09
2.439119999999999830e-02 7.292745999999999623e-09
2.444160000000000083e-02 6.754122999999999962e-09
2.449199000000000168e-02 5.172972000000000404e-09
2.454239000000000073e-02 3.089122999999999901e-09
2.459278000000000158e-02 1.357220999999999898e-09
2.464318000000000064e-02 1.004386000000000051e-09
2.469357000000000149e-02 3.048094000000000000e-09
2.474397000000000055e-02 8.306012999999999243e-09
2.479436000000000140e-02 1.723307999999999856e-08
2.484476000000000045e-02 2.981918999999999823e-08
2.489515000000000131e-02 4.555883000000000324e-08
2.494555000000000036e-02 6.351083999999999407e-08
2.499594000000000121e-02 8.241647999999999579e-08
2.504634000000000027e-02 1.008838999999999998e-07
2.509673000000000112e-02 1.175639000000000010e-07
2.514713000000000018e-02 1.313456999999999874e-07
2.519752000000000103e-02 1.414599000000000053e-07
2.524792000000000008e-02 1.475873000000000129e-07
2.529831000000000094e-02 1.498071999999999969e-07
2.534870999999999999e-02 1.486080999999999952e-07
2.539910000000000084e-02 1.447002000000000029e-07
2.544949999999999990e-02 1.389704000000000014e-07
2.549989000000000075e-02 1.323374999999999897e-07
2.555028999999999981e-02 1.255696000000000102e-07
2.560068000000000066e-02 1.193932000000000000e-07
2.565107999999999971e-02 1.143471000000000036e-07
2.570147000000000057e-02 1.107922000000000013e-07
2.575186999999999962e-02 1.089331000000000055e-07
2.580226000000000047e-02 1.088878000000000044e-07
